9 16
6 3 13
3 2 4 12
8 6 8 12
4 3 4 3 12
2 2 7 12
1 3 5 1 1 5 11
6 2 4 2 2 11
5 5 6 8 11
6 1 10 3 2 4 7
1 2 2 3 5 2 2 3 7
1 1 2 2 10 5 2 1 7
1 1 1 2 6 7 9 1 6
4 2 4 2 4 5 2 6
1 6 4 1 4 4 6
1 13 2 2 1 6
1 2 2 6 2 1 2 5
1 1 3 1 3 1 2 5
1 1 1 5 3 2 1 5
1 4 2 3 2 1 5
2 1 2 2 3 2 4
2 1 1 3 2 3 2 4
3 2 1 2 1 2 1 4
4 2 1 1 1 2 1 4
2 2 1 2 2 2 2 2 3
1 4 1 5 3 3 2 3
1 3 1 9 3 1 3
1 2 1 1 1 5 2 1 3
1 1 2 2 1 1 1 4 1 3
1 1 2 3 1 1 4 1 1
1 1 1 3 1 1 1 3 1 1
1 1 2 3 2 4 1 3 1 3
1 1 6 2 1 7 4 2 3
2 1 2 1 1 1 15 2 3
2 2 1 1 3 7 1 1
2 5 6 2 3
2 5 5 2 2
3 5 5 1 2
3 1 6 1 2
3 1 2 1 4 1
8 1 1 4 1 3
8 1 1 5 4
2 2 1 3 5 4
1 2 2 2 3 5
2 2 1 2 9 6
3 1 2 7 6
4 1 2 6 8
2 3 6
5 1 2 6 9
5 2 2 8 9
6 12 10
2 6
7 12 11
8 12 11
8 12 11
2 5
8 12 11
8 13 11
8 13 11
2 6 3

3 3 3 4 3 9
3 3 3 3 3 6
3 3 3 2 27 5
3 3 3 1 2 5 1 5 2 2
3 3 3 1 2 1 4 1 2
3 3 1 1 2 1 3 1 2
3 3 3 1 1 1
3 2 5 2 1
23 1 1
2 6 1 3 2
1 2 1 3 2 1
1 2 5 3 2
7 1 1 2
6 2 1 1 2 1
9 1 1 2 2 1
8 2 1 2 1 2 1
4 2 1 2 3 1 1 1
3 1 1 2 1 1 2 1
11 2 1 2 2
8 1 2 3 6 2
10 1 3 12 1
3 3 2 1 1 1 8 1
11 5 6 3 9
9 5 1 4 2 2 5
3 3 4 3 1 2 1 1 2
3 3 14 2 1 2 1 1
3 3 1 5 1 1 4
3 3 2 2 5 3 1
3 6 5 2 3 1 3 1
13 4 2 4 3 7 2
21 1 3 2 3 7 2
16 1 2 2 4 3 3 4
19 1 2 5 3 3 1 1 2 1
25 3 2 1 4 1 1 2 1 2 1
1 17 4 4 1 1 3 1 1 1
14 1 1 1 1 1 1 1 1
13 3 2 3 1 1
11 4 5 2
22 2 6
4 3 15 16
4 3 1 3 2 2 10
4 3 3 6 4 9
3 3 3 1 6 9
3 3 3 1 6 12
3 3 3 3  10 16
3 3 3 3 3 20
3 3 3 3 2 24
3 3 3 3 3 6 29
3 3 3 3 3 4 3 29
3 3 3 3 3 4 3 30

                                 .################
                                  ...#############
                                     .############
                                     .############
                                     .############
                                     .############
                                      .###########
                                      .###########
                                      .###########
                                    .####..#######
                                    .###...#######
                   #                  .#...#######
              #      ##      ####     .#....######
  ##                                   #   .######
 .#                                    #   .######
 .#                                    #   .######
 .#                                    .    .#####
 .#.    #                              .    .#####
 .#.    #                              .    .#####
 .#     #                             #.    .#####
. #     #                             #      .####
. #    .#                             #      .####
. ##    #                             #      .####
. ### . #                             #      .####
. #     #                             #       .###
 .#     #                             #       .###
 .#     #                             ##      .###
 .#                                   ##      .###
 .#.                                 ###      .###
 .#.                                 ###      ...#
 .#.                             .  .###.     .#..
 .#.                           ..#...###.     .###
 .#.                      .#######..####.     .###
                            ############      .###
                               ...#######.    .#..
                                 ####         .###
                         .       ####         ..##
                         #       ####         ..##
..................  #  ..#.....  ####         ..##
..................###.#.##....#..####.        ....
.................. ####### .#.#..####.        .###
.................. ####### .#.#.#####.........####
        .   ....     .  .#..###.#####.........####
        .   ....     .  .##.###.#####.............
        .   ....     .  .##.#########.......######
        .   ....     . ..##..#######........######
        .   ....     . ..##...######......########
.................... # .###..######...............
  ###  ..............#..##...######......#########
  ###  ..............##.##.########......#########
 ##### ...............############......##########
......................##....######................
#######...............############.....###########
########..............############.....###########
########..............############.....###########
......................##.....#####................
########..............############.....###########
########.............#############.....###########
########.............#############.....###########
.....................##......######....###........